chrom,position,IBD
17,53011,1
17,58980,1
17,60225,2
17,60532,1
17,65351,1
17,73263,2
17,81136,1
17,81461,2
17,82081,2
17,82969,1
17,83173,1
17,84782,1
17,86350,1
17,86802,1
17,87761,2
17,88525,2
17,88813,2
17,88988,2
17,108420,1
17,109700,2
17,110025,1
17,110579,2
17,111030,2
17,113034,1
17,113390,1
17,114669,2
17,126701,2
17,128389,2
17,135310,2
17,146428,1
17,152362,2
17,155494,2
17,159851,1
17,163278,1
17,174121,1
17,179396,2
17,188593,2
17,198698,1
17,204759,1
17,210420,0
17,212731,2
17,214402,0
17,216763,0
17,217829,1
17,218145,1
17,228978,2
17,237667,0
17,241835,2
17,245185,1
MT,52,0
MT,53,0
MT,54,0
MT,55,0
MT,57,0
MT,58,0
MT,63,0
MT,68,0
MT,89,0
MT,91,0
MT,92,0
MT,94,0
MT,97,0
MT,105,0
MT,114,0
MT,115,0
MT,119,0
MT,120,0
MT,128,0
MT,131,0
MT,132,0
MT,153,0
MT,159,0
MT,192,0
MT,194,0
MT,196,0
MT,199,0
MT,200,0
MT,211,0
MT,213,0
MT,214,0
MT,215,0
MT,217,0
MT,223,0
MT,225,0
MT,226,0
MT,227,0
MT,228,0
MT,234,0
MT,236,0
MT,237,0
MT,241,0
MT,242,0
MT,247,0
MT,248,0
MT,249,0
MT,251,0
MT,252,0
MT,257,0
MT,263,0
MT,295,0
